1655423860554 11.435202335176013 0
1655423863644 7.241454782940092 1
1655423867473 6.189258112226214 2
1655423870566 5.671676710673741 3
1655423873873 5.342685258956182 4
1655423877292 5.351148782457624 5
1655423880331 4.999285620734805 6
1655423883329 5.03988721030099 7
1655423886749 4.811813522520519 8
1655423890404 4.651246343340192 9
1655423893945 4.547474972407023 10
1655423897739 4.508878522827512 11
1655423901313 4.504613435836065 12
1655423904463 4.367192141215006 13
1655423907567 4.319964281717936 14
1655423910646 4.344221337636312 15
1655423913990 4.264266765685308 16
1655423917314 4.204163569495791 17
1655423920516 4.141234216235933 18
1655423923423 4.112158684503465 19
1655423926397 4.070970083418347 20
1655423929667 3.9780451536178587 21
1655423932716 4.068035273324876 22
1655423935924 3.9933743715286254 23
1655423938901 3.935245815345219 24
1655423941810 3.900234855924334 25
1655423944725 3.865707070486886 26
1655423947690 3.8090916293007986 27
1655423950637 3.696344314302717 28
1655423953699 3.6947719959985643 29
1655423956793 3.8157634979202633 30
1655423959675 3.7825549398149763 31
1655423962538 3.6339733861741568 32
1655423965423 3.8586221490587507 33
1655423968380 3.8726654847462973 34
1655423971272 3.712109428360349 35
1655423974397 3.5822881369363695 36
1655423977470 3.5477725312823343 37
1655423980671 3.6224865368434362 38
1655423983529 3.621573409580049 39
1655423986561 3.5317259402502152 40
1655423989473 3.514637597401937 41
1655423992455 3.7490177858443485 42
1655423995495 3.727003265562512 43
1655423998497 3.437772788320269 44
1655424001476 3.501407223656064 45
1655424004403 3.4800613391967046 46
1655424007333 3.4863498812630063 47
1655424010383 3.4474790743419104 48
1655424014231 3.3977581137702577 49
1655424017813 3.3436770666213262 50
1655424021011 3.288607464517866 51
1655424024195 3.3605056808108373 52
1655424027382 3.511124873161316 53
1655424030666 3.4001290854953585 54
1655424033934 3.2696656045459567 55
1655424036959 3.380720245270502 56
1655424039888 3.2596441359747024 57
1655424042792 3.2266041662011826 58
1655424045656 3.1686205313319253 59
1655424048604 3.2223511187803178 60
1655424051841 3.164112167131333 61
1655424055199 3.134984561375209 62
1655424058210 3.3357572124117896 63
1655424061080 3.376461598986671 64
1655424064047 3.211392066592262 65
1655424067050 3.137714768591381 66
1655424069940 3.2240579139618646 67
1655424072819 3.064005579267229 68
1655424076034 3.2153797921680267 69
1655424078911 3.018737535249619 70
1655424081852 3.1258206787563507 71
1655424085310 3.054103902975718 72
1655424088913 3.0820479234059652 73
1655424092076 3.1279557614099414 74
1655424095153 3.0842217445373534 75
1655424098733 3.1973618246260145 76
1655424102274 3.2014398086638676 77
1655424105709 3.0408553293773104 78
1655424108733 3.0953578721909296 79
1655424111654 3.0196268535795667 80
1655424114729 2.9317459225654603 81
1655424117674 3.0537187258402505 82
1655424121056 3.072941163608006 83
1655424124108 2.951697682199024 84
1655424127139 2.9171995844159806 85
1655424130033 3.1024924970808483 86
1655424132991 3.015755375794002 87
1655424136222 2.972295229775565 88
1655424139079 3.002677986735389 89
1655424141914 2.927747262091864 90
1655424144886 2.9580606789815995 91
1655424147845 2.8696401386033923 92
1655424150766 2.887779270751136 93
1655424153840 2.7698697169621784 94
1655424156909 2.9376404398963567 95
1655424159758 2.869799912543524 96
1655424162591 2.868732501779284 97
1655424165448 2.878566603433518 98
1655424168397 2.9882108052571614 99
