1652948591280 10.427572225002532 0
1652948593924 7.812487635206669 1
1652948596806 6.599000897813351 2
1652948599778 5.562152892985242 3
1652948603480 5.018301365223337 4
1652948606900 4.777654244544658 5
1652948609838 4.629261686446819 6
1652948612595 4.500358335515286 7
1652948615454 4.425450492412486 8
1652948618153 4.335700045240686 9
1652948620872 4.287870944814479 10
1652948623568 4.1872216539180025 11
1652948626549 4.106566193255972 12
1652948629288 4.094961407336783 13
1652948632067 3.962020128331286 14
1652948634760 3.904139946115778 15
1652948637533 3.7984192269913692 16
1652948640359 3.8242294636178524 17
1652948643138 3.7471526430008257 18
1652948646065 3.696805474605966 19
1652948648834 3.641029743438071 20
1652948651689 3.5729191709072032 21
1652948654523 3.546465182558019 22
1652948657354 3.4654132267262074 23
1652948660174 3.4110879745889218 24
1652948662940 3.381509156937295 25
1652948665769 3.4411119171913636 26
1652948668623 3.3216664436015675 27
1652948671377 3.2453491738502014 28
1652948674158 3.282846135027865 29
1652948676986 3.228017515324532 30
1652948679744 3.239679865380551 31
1652948682434 3.1321085818270418 32
1652948685161 3.2208676236741085 33
1652948687976 3.0197401617435697 34
1652948690745 3.0255742440832423 35
1652948693773 2.9551482073804167 36
1652948696858 2.97013244096269 37
1652948699635 2.943872699078093 38
1652948702301 2.969904880574409 39
1652948704969 2.864943798552168 40
1652948707619 2.827270672676411 41
1652948710283 2.8292622173086124 42
1652948712941 2.780846172190727 43
1652948715650 2.737603764584724 44
1652948718411 2.6925540071852665 45
1652948721143 2.6564969382387527 46
1652948723779 2.6889818665829113 47
1652948726569 2.6372260996635926 48
1652948729440 2.605847617413135 49
1652948732249 2.5721142253977187 50
1652948735069 2.52865550746309 51
1652948738220 2.5863263632388827 52
1652948741012 2.4903307049832444 53
1652948743657 2.4368637051988156 54
1652948746386 2.473078500717244 55
1652948749766 2.4628815600212586 56
1652948753159 2.405319782013589 57
1652948756321 2.394688979108283 58
1652948758974 2.3644244582095046 59
1652948761623 2.3401813722671347 60
1652948764599 2.3274938996801984 61
1652948767267 2.3341368982132447 62
1652948770351 2.306201247458762 63
1652948773008 2.2743560278669315 64
1652948775694 2.23428268762345 65
1652948778352 2.1995770588834236 66
1652948781063 2.147710897821061 67
1652948783791 2.127511475948577 68
1652948786553 2.1093390641060283 69
1652948789807 2.0956741508017194 70
1652948792653 2.1035586132648145 71
1652948795537 2.076231506276638 72
1652948798395 2.004807936384323 73
1652948801182 1.994796357256301 74
1652948803904 2.0386555372400488 75
1652948806527 2.2595861858509956 76
1652948809256 2.0104239659106478 77
1652948811938 1.9621186598818352 78
1652948814686 1.9543776715055425 79
1652948817557 1.9799958156778457 80
1652948820216 1.9127841883517327 81
1652948822973 1.9207136973421624 82
1652948825827 1.9381139494003135 83
1652948828730 1.8988079010172094 84
1652948831379 1.8340121082803036 85
1652948834015 1.843740444234077 86
1652948836772 1.8557034940161603 87
1652948839375 1.898942177600049 88
1652948841993 1.796520916705436 89
1652948844608 1.8699432750965685 90
1652948847258 1.8359466068288113 91
1652948849999 1.7631822114295148 92
1652948852687 1.7491754236373496 93
1652948855361 1.7253880583225412 94
1652948857987 1.7065309032480767 95
1652948860597 1.7513325195363227 96
1652948863222 1.6770365098689466 97
1652948865983 1.691535119680648 98
1652948868620 1.6541279237321083 99
