1653917273390 15.43468766309777 0
1653917360679 11.608355561081243 1
1653917445707 10.513479495535092 2
1653917532349 9.879802702397717 3
1653917616632 9.477136768613542 4
1653917706838 9.001505941760783 5
1653917796696 8.664307919570378 6
1653917882373 8.380915080771155 7
1653917969648 8.045270183135052 8
1653918055013 7.852201019987768 9
1653918146442 7.5351016716081265 10
1653918231294 7.39553269269515 11
1653918311069 7.173446900990545 12
1653918391491 6.9833270139840184 13
1653918472775 6.752333419420281 14
1653918556170 6.713615180035027 15
1653918643691 6.482561319458242 16
1653918730894 6.383432206329035 17
1653918819057 6.272161497145283 18
1653918904967 6.122516790458135 19
1653918991649 5.983707993614431 20
1653919077882 5.953701695130796 21
1653919161760 5.969775976210224 22
1653919246622 5.7662666537323775 23
1653919333443 5.630429838628185 24
1653919419642 5.550748138281763 25
1653919510000 5.399962876767528 26
1653919598777 5.379808295746239 27
1653919681434 5.3113978743553165 28
1653919764369 5.15914364031383 29
1653919848630 5.053629243860439 30
1653919932178 5.002145207171537 31
1653920014456 4.96734089486453 32
1653920097378 4.866702931511159 33
1653920177456 4.82994406442253 34
1653920258342 4.681945283072335 35
1653920340206 4.698046384295639 36
1653920420947 4.623366788455418 37
1653920501711 4.548026890292459 38
1653920582523 4.510606647267633 39
1653920663303 4.368888374007478 40
1653920743995 4.456018309568872 41
1653920824158 4.31875386116456 42
1653920904446 4.349212235090684 43
1653920984526 4.270887973843789 44
1653921065038 4.12097481172912 45
1653921145924 4.183374447481973 46
1653921226365 4.074806490966252 47
1653921307259 4.064496215265624 48
1653921388253 3.9732865185153727 49
1653921469242 3.993422875112417 50
1653921550147 3.968418389193866 51
1653921631111 3.8571418635699213 52
1653921711596 3.827714588447493 53
1653921805630 3.8628534310934497 54
1653921899599 4.116316786104319 55
