1655370351824 8.508557369595483 0
1655370356183 5.818525779814947 1
1655370360520 4.78616852760315 2
1655370365153 4.290907198474521 3
1655370370751 4.002445466177804 4
1655370376785 3.874963887532552 5
1655370385515 3.7463957979565574 6
1655370392274 3.57473779519399 7
1655370397507 3.4797295620044073 8
1655370402435 3.4407330317156655 9
1655370407455 3.3071022811390103 10
1655370412214 3.0917841706957137 11
1655370418005 3.2160303831100463 12
1655370422415 3.3515850260144187 13
1655370428125 3.619594861212231 14
1655370433431 3.1452789363406954 15
1655370438337 3.136574249608176 16
1655370442749 2.8392493111746653 17
1655370446988 2.7746441761652627 18
1655370451958 2.7064047336578367 19
1655370456801 2.678574433780852 20
1655370461267 2.6932517040343513 21
1655370465796 2.6276511010669528 22
1655370469933 2.532891165074848 23
1655370474064 2.538221228122711 24
1655370478315 2.458956137725285 25
1655370482532 2.372356311480204 26
1655370487053 2.4637254340308052 27
1655370491485 2.2981081071354095 28
1655370495692 2.384769139971052 29
1655370500064 2.3603165081569126 30
1655370504382 2.331213756969997 31
1655370508768 2.3173803034282865 32
1655370513487 2.2595507394699825 33
1655370518044 2.2152977511996315 34
1655370522670 2.172270814010075 35
1655370527220 2.16635582447052 36
1655370532943 2.0782080843335105 37
1655370537531 2.046486227569126 38
1655370542382 2.0654515618369693 39
1655370546582 2.130557131767273 40
1655370550777 2.026840356418065 41
1655370554902 2.0235260006927307 42
1655370559158 1.9502753802708217 43
1655370563637 1.9942063223747981 44
1655370567868 1.9311528648648943 45
1655370572050 2.1521165620713005 46
1655370576345 1.9631574097133817 47
1655370580960 1.8294202219872249 48
1655370585261 1.7933274473462786 49
1655370589563 1.8103896680332365 50
1655370593866 1.8245646459715708 51
1655370598260 1.8189938042845044 52
1655370602860 1.7803304564385187 53
1655370607250 1.7931867849259149 54
1655370611718 1.9305690504255748 55
1655370615891 1.7538102570034209 56
1655370619934 1.653257281439645 57
1655370623951 1.7492142296972728 58
1655370628155 1.7259666017123632 59
1655370632416 1.7417819704328263 60
1655370636857 1.6207970710027786 61
1655370641093 1.6381618420283 62
1655370645227 1.601568797656468 63
1655370649525 1.5469829286847796 64
1655370653754 1.6028813152086168 65
1655370657924 1.5592114528020222 66
1655370662311 1.5259185927254812 67
1655370666557 1.5122607080709367 68
1655370670708 1.4713841812951225 69
1655370674935 1.476221890108926 70
1655370679353 1.5375756604330881 71
1655370683736 1.5453355743771509 72
1655370688508 1.4695944113390786 73
1655370692577 1.5081075577508836 74
1655370696628 1.4637200219290598 75
1655370700887 1.4446028476669674 76
1655370705048 1.7516286398683276 77
1655370709388 1.395209166549501 78
1655370713673 1.4164630730946859 79
1655370718044 1.3709007132621038 80
1655370722201 1.3458044239452907 81
1655370726760 1.3481049424126035 82
1655370731590 1.4067764412789119 83
1655370736056 1.39004522221429 84
1655370740196 1.364646744160425 85
1655370744333 1.31780703493527 86
1655370748664 1.33834076552164 87
1655370752855 1.279880391983759 88
1655370757009 1.2540756180172874 89
1655370761146 1.2897494429633731 90
1655370765233 1.3081465462843578 91
1655370769430 1.22132336355391 92
1655370773474 1.3200713295312154 93
1655370777598 1.2393304075513567 94
1655370781848 1.1923679788907369 95
1655370785847 1.2036828520752134 96
1655370790380 1.1792977602708907 97
1655370795386 1.2545813344773793 98
1655370799505 1.363183553445907 99
