1655366346516 10.306773403038582 0
1655366362737 5.256425462663174 1
1655366378483 4.701445947090785 2
1655366392395 4.404081747556726 3
1655366406503 4.221788302063942 4
1655366421416 4.051660840089123 5
1655366435048 3.945695689568917 6
1655366448534 3.852885461722811 7
1655366462056 3.693870559334755 8
1655366475474 3.6513450692097345 9
1655366488738 3.5408668437351785 10
1655366502090 3.432485175629457 11
1655366515309 3.3673230204731226 12
1655366528586 3.31090255578359 13
1655366543065 3.284688618655006 14
1655366557567 3.2242284255723157 15
1655366571989 3.1243363954126835 16
1655366586249 3.081023974965016 17
1655366600389 3.0290212171773114 18
1655366614165 2.990284483258923 19
1655366628045 2.994714521492521 20
1655366641989 2.879515710597237 21
1655366655999 2.849287780622641 22
1655366669890 2.8516271021217108 23
1655366684269 2.7694365978240967 24
1655366698016 2.7915168392161527 25
1655366712054 2.7143806299815574 26
1655366726018 2.712369423980514 27
1655366739999 2.6477122188856206 28
1655366753653 2.6502292789518833 29
1655366767531 2.6179411709308624 30
1655366781559 2.5837829976032176 31
1655366794862 2.548021818200747 32
1655366807834 2.49768567768236 33
1655366821242 2.4438157537952065 34
1655366834411 2.412870074311892 35
1655366847645 2.3980070132141313 36
1655366861210 2.399811025708914 37
1655366875558 2.3583840541541576 38
1655366889648 2.359647717947761 39
1655366903122 2.298842574780186 40
1655366917385 2.2710850539927683 41
1655366931300 2.267848262873789 42
1655366944822 2.256104481716951 43
1655366958477 2.175283584743738 44
1655366971417 2.1959844852487245 45
1655366984785 2.1986505718280873 46
1655366998904 2.176341066447397 47
1655367013012 2.0867655842254558 48
1655367027433 2.1231958692272506 49
1655367040868 2.034950762987137 50
1655367054084 2.07031204427282 51
1655367067261 2.0285016667718687 52
1655367081047 2.084949223945538 53
1655367094657 2.0050345243265233 54
1655367107535 1.9783465436970193 55
1655367120329 1.9394518972064059 56
1655367133340 1.9348617584134142 57
1655367146097 1.936027633336683 58
1655367158985 1.8895178064703941 59
1655367171926 1.8751121644551556 60
1655367184609 1.85445827866594 61
1655367197707 1.8521948559209704 62
1655367210801 1.826688447035849 63
1655367223521 1.8199847793827455 64
1655367236577 1.7761025230089824 65
1655367249574 1.7652758384744327 66
1655367262533 1.7701542203625042 67
1655367275667 1.7332867399478953 68
1655367288799 1.7317945982019107 69
1655367301611 1.7551554382468264 70
1655367314549 1.7141386090467374 71
1655367327424 1.6693404810503125 72
1655367340207 1.6963972505182028 73
1655367353354 1.6979487572486203 74
1655367366242 1.6867936234921217 75
1655367379190 1.6529121296480298 76
1655367392366 1.6177197288100917 77
1655367405226 1.624690153946479 78
1655367418123 1.5928413014238079 79
1655367431154 1.6001828561226528 80
1655367443841 1.5915443366393447 81
1655367456695 1.5754055511206388 82
1655367469628 1.607060675509274 83
1655367482273 1.542147875453035 84
1655367495267 1.5266563054174185 85
1655367508127 1.5450737150385976 86
1655367520885 1.5280099700515468 87
1655367533946 1.5207458153987925 88
1655367546902 1.5072378519301612 89
1655367559732 1.5058410701652367 90
1655367572987 1.467075675415496 91
1655367586046 1.455135017633438 92
1655367598671 1.445366686520477 93
1655367611512 1.4388678887238104 94
1655367624024 1.4094307857255142 95
1655367636811 1.4279012984285753 96
1655367649749 1.41130942851305 97
1655367662221 1.4263174946730335 98
1655367675052 1.400093596118192 99
