1655425045117 8.30857613881429 0
1655425049584 6.678254073006766 1
1655425053491 5.684387572606405 2
1655425056836 5.361038614454723 3
1655425060369 5.2271008355276924 4
1655425064248 5.018467439923968 5
1655425067840 4.872681558699835 6
1655425071097 4.738290745871407 7
1655425074274 4.737473235811506 8
1655425077938 4.65561908966019 9
1655425081124 4.585163550149827 10
1655425084153 4.388086722010658 11
1655425087219 4.413410218556722 12
1655425090259 4.395812586375645 13
1655425093365 4.296854314349947 14
1655425096524 4.213289787655785 15
1655425099486 4.452496730713618 16
1655425102740 4.332540391740345 17
1655425106697 4.108850758416312 18
1655425110363 3.994699278331938 19
1655425114239 4.062806719825382 20
1655425117900 3.9601265839168005 21
1655425121101 3.9864746320815314 22
1655425124190 3.8355280535561698 23
1655425127162 3.789091019403367 24
1655425130174 3.7977230333146594 25
1655425133493 3.7200239783241633 26
1655425136643 3.736903510774885 27
1655425140033 3.6362829537618726 28
1655425143806 3.769094369525001 29
1655425147555 3.5825340350468955 30
1655425151138 3.6666211684544883 31
1655425154735 3.508113091332572 32
1655425158755 3.485872082483201 33
1655425162303 3.4761248316083635 34
1655425166150 3.35646565528143 35
1655425169286 3.3889289833250498 36
1655425173156 3.4174391326450166 37
1655425176659 3.2978326718012494 38
1655425179759 3.396009255590893 39
1655425183072 3.3720655373164585 40
1655425186885 3.368516537121364 41
1655425190210 3.274190936769758 42
1655425193700 3.2982018118812926 43
1655425196875 3.2742043665477207 44
1655425199862 3.2713351874124434 45
1655425202962 3.197357577369327 46
1655425205983 3.251369735172817 47
1655425209007 3.227627494221642 48
1655425211977 3.2773436410086494 49
1655425215196 3.457704330625988 50
1655425218370 3.3203269072941373 51
1655425221787 3.2406890165238154 52
1655425225213 3.147094253698985 53
1655425228539 3.102337034543355 54
1655425231820 3.0619783957799274 55
1655425235217 3.117770720663525 56
1655425238971 3.090295834768386 57
1655425242001 3.0333871648425146 58
1655425245082 3.047473386923472 59
1655425248138 3.19979331720443 60
1655425251451 3.034853756995428 61
1655425255020 2.9211133968262444 62
1655425258471 2.964244952655974 63
1655425262230 3.098285622823806 64
1655425265619 2.9545772671699524 65
1655425268777 2.8537481943766276 66
1655425272300 3.0708424136752175 67
1655425275921 3.0170920667194183 68
1655425278955 2.9418125720251176 69
1655425282099 2.9133506502423967 70
1655425285759 2.9050860688799904 71
1655425288942 2.979024258114043 72
1655425291854 2.893000510760716 73
1655425295062 2.8795283590044294 74
1655425298582 3.0563145853224256 75
1655425301545 2.9275986489795502 76
1655425304568 2.9844689823332287 77
1655425308009 2.881487288929167 78
1655425311175 2.8607535805021014 79
1655425314279 2.8815608336811973 80
1655425317633 2.832648686000279 81
1655425320495 2.830989806992667 82
1655425323505 2.9481237207140243 83
1655425326380 2.808629662649972 84
1655425329286 2.8234782582237608 85
1655425332137 2.7925446476255145 86
1655425335283 2.775793827147711 87
1655425338523 2.8308741887410482 88
1655425341956 2.756429562114534 89
1655425345813 2.7764019114630565 90
1655425349286 2.796075195357913 91
1655425352528 2.641837313061669 92
1655425355979 2.7145183222634452 93
1655425358933 2.7167765571957543 94
1655425361874 2.6948003280730473 95
1655425365278 2.7248559883662633 96
1655425368461 2.8941147849673317 97
1655425371403 2.73188822666804 98
1655425375562 2.7443369150161745 99
