1655371417969 10.867679542586917 0
1655371422453 7.349794519515265 1
1655371426113 6.114980031195141 2
1655371429346 5.561953987394061 3
1655371432670 5.158704067411877 4
1655371435991 4.902146725427537 5
1655371439252 4.952443928945632 6
1655371442583 4.5205700931094945 7
1655371445940 4.563292224066598 8
1655371449259 4.375312830152966 9
1655371452670 4.440458240963164 10
1655371455839 4.280733927090963 11
1655371458965 4.295829893293835 12
1655371462119 4.101665144874936 13
1655371465289 4.1422705128079365 14
1655371468561 4.082624319621495 15
1655371471956 4.040251485506693 16
1655371475078 3.998647335597447 17
1655371478343 3.9110787834439957 18
1655371481523 3.8911644640423004 19
1655371484687 3.872120043209621 20
1655371487774 3.906997097106207 21
1655371490863 3.7829181410017467 22
1655371494018 3.752107787132263 23
1655371497142 3.8085508301144553 24
1655371500202 3.722030826977321 25
1655371503267 3.632502295857384 26
1655371506334 3.547804784207117 27
1655371509384 3.632716917991638 28
1655371512477 3.5916617768151418 29
1655371515520 3.606206966581799 30
1655371518564 3.4502140363057454 31
1655371521594 3.585349615414937 32
1655371524616 3.485076797576178 33
1655371527652 3.5058352583930605 34
1655371530666 3.3970101912816366 35
1655371533914 3.3946019090357282 36
1655371536945 3.3858386982054935 37
1655371539967 3.427541042509533 38
1655371543045 3.517183421906971 39
1655371546047 3.4022149721781414 40
1655371549047 3.4343713453837803 41
1655371552039 3.3905648186093287 42
1655371555076 3.292851680801028 43
1655371558071 3.299919396922702 44
1655371561060 3.4348070121946788 45
1655371564071 3.2775286481493997 46
1655371567066 3.3217263426099506 47
1655371570037 3.2076032036826723 48
1655371573194 3.1622889916102093 49
1655371576177 3.249499637739999 50
1655371579146 3.258087963149661 51
1655371582194 3.1398582628795078 52
1655371585194 3.1522029933475313 53
1655371588285 3.1775837035406203 54
1655371591245 3.1518766505377633 55
1655371594232 3.1749065035865423 56
1655371597196 3.174387930688404 57
1655371600143 3.0912358794893535 58
1655371603140 3.1741415057863507 59
1655371606143 3.1371230454671952 60
1655371609079 3.124455013729277 61
1655371612024 3.1311045521781558 62
1655371615110 3.0935503471465338 63
1655371618095 3.0124902918225245 64
1655371621063 3.0392523146810984 65
1655371624002 2.9725373336247034 66
1655371626957 3.116794666789827 67
1655371629892 3.135606839543297 68
1655371632906 3.1703116961887905 69
1655371635845 3.0099260205314273 70
1655371638783 3.0245696680886405 71
1655371641725 2.92519972097306 72
1655371644687 2.8928670213336036 73
1655371648268 2.957775189763024 74
1655371652078 2.9345725717998685 75
1655371655234 2.9630071833020164 76
1655371658295 3.002492056006477 77
1655371662332 3.010714930579776 78
1655371665754 2.8853426955995105 79
1655371669122 2.872258842559088 80
1655371672190 2.8073358643622623 81
1655371675154 3.009781499136062 82
1655371678489 3.045486753327506 83
1655371682326 2.8430935859680178 84
1655371685451 2.819053951899211 85
1655371688623 2.99399973324367 86
1655371692228 2.7719405980337233 87
1655371695761 2.8628723008292063 88
1655371700260 2.829932959874471 89
1655371703635 2.826868480727786 90
1655371707241 2.855850118682498 91
1655371710495 2.83721893401373 92
1655371713485 2.8468585922604515 93
1655371717225 2.7423139759472437 94
1655371721059 2.848774449030558 95
1655371724005 2.774252952848162 96
1655371727325 2.775820063409351 97
1655371730493 2.8006704886754354 98
1655371733552 2.730982539767311 99
