1652881333068 9.901182534846853 0
1652881335763 7.7456083551366275 1
1652881338567 6.677918213479062 2
1652881341283 5.660702248837086 3
1652881343955 5.114345720473756 4
1652881346641 4.794814256911582 5
1652881349310 4.615894902259745 6
1652881351999 4.531192211394615 7
1652881354678 4.405892679031859 8
1652881357379 4.386322812831148 9
1652881360452 4.25666217093772 10
1652881363488 4.221374582737051 11
1652881366331 4.1098257835875165 12
1652881369087 3.9996571312559412 13
1652881371772 3.9581600085217903 14
1652881374613 3.868512470671471 15
1652881377458 3.816425031804024 16
1652881380347 3.7372349018746234 17
1652881383197 3.708750381114635 18
1652881386188 3.6278304318164256 19
1652881388872 3.6196565640733596 20
1652881391601 3.621991770064577 21
1652881394415 3.535497471373132 22
1652881397162 3.445224382775895 23
1652881399851 3.4635190076016364 24
1652881402528 3.3794722442931318 25
1652881405204 3.37964241048123 26
1652881407872 3.2982163061486913 27
1652881410790 3.301119442949904 28
1652881413959 3.2690274182786334 29
1652881416903 3.2589735578983388 30
1652881419699 3.293445361421463 31
1652881422482 3.192283924589766 32
1652881425207 3.1803307850310145 33
1652881427983 3.148383892597036 34
1652881430813 3.1353340225016817 35
1652881433919 3.101366308141262 36
1652881437413 3.1011705855105784 37
1652881440457 3.0457014187853386 38
1652881443237 3.028400508647269 39
1652881445957 3.002680800062545 40
1652881448624 2.9862466974461332 41
1652881451398 2.948655474693217 42
1652881454325 2.9111572757680366 43
1652881457741 2.980182198767966 44
1652881460666 2.899812953269228 45
1652881463359 2.809196607863649 46
1652881466023 2.7515829966423357 47
1652881468680 2.7506233999069702 48
1652881471328 2.737663913280406 49
1652881473993 2.7107306871008365 50
1652881476667 2.6480149981823375 51
1652881479340 2.6277666611874357 52
1652881482038 2.636976105101565 53
1652881484681 2.6435766397638525 54
1652881487343 2.5707068899844554 55
1652881490008 2.533893982146649 56
1652881492655 2.535772646995301 57
1652881495329 2.5329363485600087 58
1652881497973 2.4689311816337263 59
1652881501433 2.42709082365036 60
1652881505224 2.3978167366474232 61
1652881508552 2.4276595610253353 62
1652881511567 2.3284322353119546 63
1652881514313 2.31678237052674 64
1652881517259 2.2882867785210306 65
1652881520107 2.3130094535807344 66
1652881522904 2.2310998642698245 67
1652881525779 2.2446867887009967 68
1652881528647 2.26806001587117 69
1652881531323 2.212747961916822 70
1652881534011 2.2694811491256064 71
1652881537068 2.1794354218117733 72
1652881539957 2.1834156284941004 73
1652881543161 2.1312153688136566 74
1652881546178 2.09322700284897 75
1652881548921 2.086120478650357 76
1652881551863 2.069494532777908 77
1652881554771 2.0662137637747096 78
1652881557633 2.0485124182193837 79
1652881560320 2.0112739725315825 80
1652881562934 1.9967849115107923 81
1652881565635 1.9714075041578172 82
1652881568233 1.9872005493082898 83
1652881570895 1.946994293243327 84
1652881573505 1.9987514107785327 85
1652881576143 1.9571473205343206 86
1652881578812 1.946947102851056 87
1652881581420 1.8877501107276755 88
1652881584036 1.9086137870524793 89
1652881586702 1.9111870673108609 90
1652881589301 1.8566132289298036 91
1652881591905 1.960328717181023 92
1652881594495 1.8383604491010626 93
1652881597111 1.7580891289609544 94
1652881599738 1.805570034270591 95
1652881602400 1.813973917606029 96
1652881604981 1.8159182318981657 97
1652881607563 1.7717726573030999 98
1652881610185 1.7683116273677095 99
