1655428624776 15.682577124096099 0
1655428628397 6.673346657980056 1
1655428632546 5.9000479539235435 2
1655428636862 5.6067806902385895 3
1655428640783 5.494679603122529 4
1655428644147 5.3726229486011325 5
1655428647715 5.130961805298215 6
1655428651260 5.018045743306478 7
1655428654634 5.035413406008765 8
1655428658042 4.8690226418631415 9
1655428661398 4.77150624252501 10
1655428664821 4.681525384812128 11
1655428668397 4.914779563177199 12
1655428671885 4.578288123721168 13
1655428675244 4.415526155063084 14
1655428678722 4.526146747952416 15
1655428682119 4.321987856002081 16
1655428685587 4.3069899400075276 17
1655428689264 4.213020862851824 18
1655428692746 4.127917458897545 19
1655428696380 4.036988400845301 20
1655428699772 3.9025902714048115 21
1655428703317 3.805384071667989 22
1655428706964 4.065059253147671 23
1655428710456 3.9386608577909925 24
1655428713998 3.8071744300070263 25
1655428718438 3.78540331749689 26
1655428721902 3.917371644292559 27
1655428725377 3.8273053350902737 28
1655428729002 3.7784373147147043 29
1655428732470 3.7498496628942943 30
1655428735945 3.5356240238462178 31
1655428739514 3.686017674491519 32
1655428743028 3.669858667822111 33
1655428746500 3.591568576721918 34
1655428750046 3.6986397641045707 35
1655428753555 3.535149715627943 36
1655428756892 3.5407074655805317 37
1655428760270 3.4557877994719006 38
1655428763824 3.5776528460638866 39
1655428767323 3.4697147187732513 40
1655428770905 3.351996384348188 41
1655428774375 3.294435104869661 42
1655428777732 3.352322238967532 43
1655428781156 3.291000315121242 44
1655428784611 3.2689021984736124 45
1655428788104 3.33185834089915 46
1655428791731 3.2808797983896163 47
1655428795194 3.3174499602544874 48
1655428799027 3.408100860459464 49
1655428802685 3.25453002225785 50
1655428806214 3.1631839899789718 51
1655428809866 3.1492240417571296 52
1655428814293 3.1000631525402977 53
1655428817726 3.1842148042860483 54
1655428821379 3.2783819970630463 55
1655428825071 3.2264471894218807 56
1655428828508 3.1044003872644335 57
1655428832259 3.0330797127314977 58
1655428835637 3.075189862932478 59
1655428839267 3.029557578336625 60
1655428842885 3.060122341201419 61
1655428846474 3.0099421813374474 62
1655428850171 3.00220947265625 63
1655428853568 2.968231261344183 64
1655428857287 2.958605562505268 65
1655428861066 2.9332446052914576 66
1655428864715 3.1203895398548673 67
1655428868181 2.915802978901636 68
1655428871635 2.9760845513570877 69
1655428875333 2.8486211941355752 70
1655428878990 2.940692098935445 71
1655428882334 2.835248747326079 72
1655428885842 2.9267489910125732 73
1655428889640 2.8361111516044253 74
1655428893473 2.9493252754211428 75
1655428896863 2.845851757412865 76
1655428900307 2.805599405652001 77
1655428904122 2.705115839413234 78
1655428907808 2.8172370195388794 79
1655428911293 2.8026873066311793 80
1655428914705 2.8122272673107327 81
1655428918347 2.8151611566543577 82
1655428921986 2.689502307346889 83
1655428925505 2.759717859540667 84
1655428928996 2.693126061984471 85
1655428932600 2.807277798652649 86
1655428936409 2.7293440727960494 87
1655428939961 2.7555916820253645 88
1655428943312 2.687711123057774 89
1655428947042 2.711660809743972 90
1655428950895 2.7448660413424175 91
1655428954409 2.5903999453499202 92
1655428957775 2.675288340023586 93
1655428961426 2.6998619823228744 94
1655428965227 2.658436155319214 95
1655428968823 2.609296350819724 96
1655428972419 2.6037045399347942 97
1655428976004 2.6382041232926503 98
1655428979651 2.638385470708211 99
