1653543918307 10.067971518699158 0
1653543922427 5.917276800946986 1
1653543926798 4.818713741099581 2
1653543930987 4.279924481473071 3
1653543935056 3.932376487458006 4
1653543939126 3.789533627794144 5
1653543943157 3.653949248029831 6
1653543947880 3.56758746948648 7
1653543952106 3.4399103839346705 8
1653543956499 3.374997835210029 9
1653543960713 3.381362299969856 10
1653543964854 3.214258087442276 11
1653543968972 3.111485001888681 12
1653543973288 3.0620268316979105 13
1653543977448 3.033584254853269 14
1653543981680 2.971024292580625 15
1653543985901 2.9276667338736515 16
1653543990271 2.8406744573978666 17
1653543994394 2.7398170093272594 18
1653543998533 2.6952732509755073 19
1653544003567 2.6138942152895828 20
1653544008070 2.6164284132896585 21
1653544012720 2.5495124357811947 22
1653544017195 2.5644934316898915 23
1653544021599 2.519506871700287 24
1653544025784 2.506580356587755 25
1653544029796 2.4277924654331615 26
1653544033776 2.4098870893742177 27
1653544038574 2.375228502648942 28
1653544043316 2.303230364271935 29
1653544047873 2.266408806151532 30
1653544052316 2.248724212671848 31
1653544056478 2.209681210365701 32
1653544061428 2.2048617030711886 33
1653544065897 2.234960028465758 34
1653544070111 2.1896776087740633 35
1653544074081 2.135096159387142 36
1653544078183 2.0671135808559176 37
1653544082127 2.113184544634312 38
1653544086160 2.0566355896757003 39
1653544090380 2.0148309557995896 40
1653544095702 2.0065727887001445 41
1653544099711 2.0518969335454575 42
1653544103693 1.9783846596454053 43
1653544107900 1.9621208138922428 44
1653544112431 1.9524267379273759 45
1653544116813 1.9949623726783914 46
1653544120833 1.9101838881665087 47
1653544124811 1.893982063582603 48
1653544128770 1.8807564238284498 49
1653544132743 1.817322478015372 50
1653544136673 1.8517089099326032 51
1653544140621 1.7861282451355711 52
1653544144728 1.7797061579024538 53
1653544148842 1.7963162508416683 54
1653544153183 1.7073456828898572 55
1653544157320 1.721973587857916 56
1653544161304 1.7128949095594121 57
1653544165261 1.7329816964078457 58
1653544169659 1.6749263526277338 59
1653544174377 1.659132351266577 60
1653544178923 1.612785093961878 61
1653544183195 1.6785933064653518 62
1653544187330 1.6513186528327617 63
1653544191264 1.6424468926926876 64
1653544195174 1.5941686433680513 65
1653544199450 1.635392372278457 66
1653544204251 1.5821240620410189 67
1653544208389 1.5567007052137496 68
1653544213285 1.5359403865134462 69
1653544217388 1.6045111398747627 70
1653544221729 1.5685128747148718 71
1653544225930 1.5121630829699495 72
1653544229927 1.5202277524674193 73
1653544234004 1.5646680701286235 74
1653544237886 1.4835266705523147 75
1653544241868 1.487268920274491 76
1653544246671 1.4699488814840926 77
1653544251112 1.5052219223468861 78
1653544255440 1.421012689458563 79
1653544259574 1.4628150108012747 80
1653544263646 1.4266709691666541 81
1653544267506 1.4017510401441695 82
1653544271444 1.4112445293588842 83
1653544275375 1.3581137340119545 84
1653544279206 1.342193976995793 85
1653544283122 1.3885308694332203 86
1653544287121 1.4043238778063591 87
1653544291080 1.279178964330795 88
1653544294967 1.3268046442498551 89
1653544298820 1.2797752789994503 90
1653544302734 1.3219356698558686 91
1653544306595 1.4243616861231783 92
1653544310460 1.2684982342922941 93
1653544314347 1.2870937078557116 94
1653544318184 1.2428780597575166 95
1653544322089 1.2912261650917378 96
1653544325934 1.3592672633363845 97
1653544329833 1.288421630859375 98
1653544333721 1.2888570015734815 99
