1654762413342 8.306654510498047 0
1654762418959 5.7063316011428835 1
1654762424228 4.646437087059021 2
1654762429005 4.074322912693024 3
1654762434063 3.712324732542038 4
1654762439072 3.5576434648036956 5
1654762444318 3.4197445416450503 6
1654762450861 3.2618875670433045 7
1654762455672 3.2875815987586976 8
1654762461236 3.1059744751453398 9
1654762466411 3.037922397851944 10
1654762471991 3.055772087574005 11
1654762476725 2.8864400005340576 12
1654762481735 2.924925320148468 13
1654762486916 2.7825055384635924 14
1654762491886 2.7564942908287047 15
1654762496824 2.768079092502594 16
1654762501163 2.6783307909965517 17
1654762505516 2.6348639976978303 18
1654762510791 2.585291484594345 19
1654762516808 2.558956685066223 20
1654762522004 2.499667718410492 21
1654762526918 2.4846719300746916 22
1654762532001 2.513031941652298 23
1654762536882 2.4165935266017913 24
1654762541941 2.359321508407593 25
1654762546525 2.340532224178314 26
1654762550644 2.2339621806144714 27
1654762554908 2.2250288212299347 28
1654762559846 2.254989595413208 29
1654762565126 2.181699450016022 30
1654762570356 2.223174047470093 31
1654762575333 2.1167535936832427 32
1654762580779 2.130144934654236 33
1654762585580 2.0612982428073883 34
1654762590358 2.188889060020447 35
1654762594652 2.0734209430217745 36
1654762598991 2.030389521121979 37
1654762603345 2.0251618778705596 38
1654762607437 2.045798571109772 39
1654762611566 1.960985723733902 40
1654762616721 1.9428806817531585 41
1654762621985 1.901375253200531 42
1654762627077 1.8978318339586258 43
1654762631858 1.9225059270858764 44
1654762637063 1.929729402065277 45
1654762641953 1.854227173924446 46
1654762646820 1.7985470390319824 47
1654762651486 1.7968574947118758 48
1654762657062 1.779879151582718 49
1654762662020 1.7322358107566833 50
1654762667155 1.7662287372350693 51
1654762671313 1.7763967376947403 52
1654762676311 1.7539368569850922 53
1654762681144 1.692162999510765 54
1654762685400 1.7047654104232788 55
1654762689793 1.665242390036583 56
1654762694434 1.6526661729812622 57
1654762700269 1.6657343047857285 58
1654762705563 1.6229214024543763 59
1654762710864 1.6011774969100951 60
1654762716048 1.5984593218564986 61
1654762721456 1.6415710932016372 62
1654762726671 1.5575964933633804 63
1654762732229 1.5901201784610748 64
1654762737120 1.5521283203363418 65
1654762741985 1.5256215113401412 66
1654762746414 1.5746472764015198 67
1654762750792 1.5497634601593018 68
1654762755582 1.5589105582237244 69
1654762760488 1.4829290467500686 70
1654762764848 1.5037869161367416 71
1654762769535 1.4661942380666733 72
1654762773990 1.4272909307479857 73
1654762778867 1.4334396320581435 74
1654762783745 1.4090556162595749 75
1654762787916 1.454629739522934 76
1654762792378 1.4353639477491378 77
1654762797097 1.4035811334848405 78
1654762802065 1.4109679108858109 79
1654762807149 1.3741874569654464 80
1654762812349 1.3994987484812738 81
1654762817717 1.3294969248771666 82
1654762822362 1.3601057475805283 83
1654762826558 1.27770811855793 84
1654762830757 1.3275894796848298 85
1654762834788 1.3241492241621018 86
1654762839041 1.2593864792585372 87
1654762843091 1.3064430850744246 88
1654762847357 1.2696460664272309 89
1654762852432 1.2331271398067474 90
1654762857652 1.2938301813602449 91
1654762862348 1.2561527609825134 92
1654762866301 1.2661843544244766 93
1654762870289 1.2478482085466385 94
1654762874321 1.2652063250541687 95
1654762878713 1.1962306213378906 96
1654762882886 1.1948135590553284 97
1654762886907 1.1780256539583207 98
1654762891086 1.2626495665311814 99
