1655426497601 14.74688937323434 0
1655426502299 6.3816669344902035 1
1655426506894 5.769512483051845 2
1655426511691 5.502295587744031 3
1655426516484 5.372748206910633 4
1655426522031 5.048190793536958 5
1655426527222 5.033203506469727 6
1655426531848 4.732071648325239 7
1655426536391 4.7567434424445745 8
1655426540602 4.632046194871267 9
1655426544934 4.516291416259039 10
1655426549409 4.505044115157355 11
1655426553778 4.387729370026362 12
1655426557985 4.268489042917888 13
1655426562155 4.10761354310172 14
1655426566511 4.034817218780518 15
1655426570900 4.104915994689578 16
1655426575849 3.91165592556908 17
1655426580264 3.904815878186907 18
1655426584603 3.840851435207185 19
1655426589124 3.7475262937091647 20
1655426593584 3.7637028484117416 21
1655426597897 3.7015424864632744 22
1655426602521 3.612127215521676 23
1655426607293 3.6567743596576507 24
1655426611782 3.5453955741155716 25
1655426616090 3.4988322740509394 26
1655426620223 3.4924541144143966 27
1655426624895 3.534311042513166 28
1655426630223 3.412126496859959 29
1655426634723 3.3029311713718235 30
1655426638814 3.278110907191322 31
1655426643302 3.364309711115701 32
1655426647700 3.4354763405663626 33
1655426652027 3.37822098277864 34
1655426656295 3.3551693802788143 35
1655426660620 3.229072095666613 36
1655426665338 3.1549743237949555 37
1655426669956 3.2391581194741383 38
1655426674403 3.2324755100976854 39
1655426678669 3.2633831977844237 40
1655426682950 3.225685529481797 41
1655426687397 3.1744248730795723 42
1655426692340 3.2461497034345355 43
1655426697769 3.19189639318557 44
1655426701594 3.0590620358784992 45
1655426705512 3.1000621557235717 46
1655426709451 3.0001041088785443 47
1655426713479 3.10452797185807 48
1655426717268 2.9732272114072527 49
1655426720986 2.961925334589822 50
1655426724743 2.941563866251991 51
1655426728727 3.0228999274117605 52
1655426733008 3.020986593337286 53
1655426736918 2.939285557610648 54
1655426740652 2.9355271521068755 55
1655426744426 3.008181261448633 56
1655426748447 2.9119187434514364 57
1655426752337 2.8859514213743664 58
1655426756124 2.8962241922106062 59
1655426759850 2.8773290395736693 60
1655426763664 2.801263430005028 61
1655426767507 2.7648848715282623 62
1655426771519 2.849415208044506 63
1655426775306 2.7880057879856657 64
1655426779018 2.741255354881287 65
1655426782729 2.8908103023256575 66
1655426786669 3.0415776275453115 67
1655426790721 2.7030987489791145 68
1655426795096 2.910282726514907 69
1655426799039 2.757850262664613 70
1655426803238 2.7601525215875533 71
1655426807409 2.7382654144650416 72
1655426812058 2.712712411653428 73
1655426816299 2.7387338297707693 74
1655426820473 2.7730507282983687 75
1655426824371 2.763808745429629 76
1655426828546 2.6677564745857603 77
1655426832715 2.705251067025321 78
1655426836874 2.7270309595834643 79
1655426840872 2.6363695859909058 80
1655426844895 2.5349437770389374 81
1655426849159 2.7014229570116317 82
1655426853438 2.6109471241633098 83
1655426857530 2.7046468076251804 84
1655426861527 2.6648104270299275 85
1655426865634 2.62725290343875 86
1655426869921 2.6648938644500006 87
1655426873990 2.5461598271415347 88
1655426878040 2.741583493777684 89
1655426882031 2.6857163224901472 90
1655426886242 2.582990121841431 91
1655426890463 2.601092727979024 92
1655426894527 2.588916528224945 93
1655426898623 2.4434624813851857 94
1655426902653 2.459268874213809 95
1655426906754 2.6208161535717194 96
1655426910938 2.443811653909229 97
1655426914997 2.570016216947919 98
1655426919064 2.5837441853114536 99
